Generation 0
[1, 0, 0, 0, 0]
[0, 1, 1, 1, 0]
[0, 1, 0, 0, 1]
[0, 0, 0, 0, 1]
[0, 0, 1, 1, 0]
Generation 1
[0, 1, 1, 0, 0]
[1, 1, 1, 1, 0]
[0, 1, 0, 0, 1]
[0, 0, 1, 0, 1]
[0, 0, 0, 1, 0]
Generation 2
[1, 0, 0, 1, 0]
[1, 0, 0, 1, 0]
[1, 0, 0, 0, 1]
[0, 0, 1, 0, 1]
[0, 0, 0, 1, 0]
Generation 3
[0, 0, 0, 0, 0]
[1, 1, 0, 1, 1]
[0, 1, 0, 0, 1]
[0, 0, 0, 0, 1]
[0, 0, 0, 1, 0]
Generation 4
[0, 0, 0, 0, 0]
[1, 1, 1, 1, 1]
[1, 1, 1, 0, 1]
[0, 0, 0, 1, 1]
[0, 0, 0, 0, 0]
Generation 5
[0, 1, 1, 1, 0]
[1, 0, 0, 0, 1]
[1, 0, 0, 0, 0]
[0, 1, 1, 1, 1]
[0, 0, 0, 0, 0]
Generation 6
[0, 1, 1, 1, 0]
[1, 0, 1, 1, 0]
[1, 0, 1, 0, 1]
[0, 1, 1, 1, 0]
[0, 0, 1, 1, 0]
Generation 7
[0, 1, 0, 1, 0]
[1, 0, 0, 0, 1]
[1, 0, 0, 0, 1]
[0, 0, 0, 0, 1]
[0, 1, 0, 1, 0]
